0	0.0013052248546454	0.00158209073290352	0.00609104932167862	0.779693865443183	0.779377447296602	0.773602816121504	0.7527587707155	0.774512518292924	0.774354309219634	0.773246845706601	0.777637147490409	0.778190879246925	0.77811177471028	0.758454297353953	0.778349088320215	0.780603567614603	0.77720207253886	0.780840881224538	0.773009532096666	0.775461772732666	0.775738638610924	0.719376656251236	0.0965866392437606	0.0961120120238896	0.0679507969782067	0.0680694537831745	0.770952814143891
0.0013052248546454	0	0.00027686587825812	0.00715896056638846	0.780840881224538	0.780524463077958	0.774828936439505	0.753905786496856	0.775738638610924	0.775580429537634	0.774472966024602	0.778863267808409	0.779416999564925	0.77933789502828	0.759601313135308	0.77949610410157	0.781750583395958	0.778349088320215	0.781987897005893	0.774156547878021	0.776608788514021	0.77688565439228	0.720602776569236	0.0975754459518253	0.0971008187319543	0.0690978127595617	0.0692164695645295	0.772178934461891
0.00158209073290352	0.00027686587825812	0	0.00719851283471107	0.780880433492861	0.780643119882925	0.774947593244472	0.754024443301823	0.775778190879247	0.775699086342602	0.774591622829569	0.778981924613377	0.779535656369893	0.779456551833248	0.759640865403631	0.779535656369893	0.781711031127635	0.778388640588538	0.782027449274216	0.774196100146343	0.776490131709053	0.776925206660602	0.720721433374204	0.0975358936835028	0.097219475536922	0.0693746786378199	0.0694142309061425	0.772218486730214
0.00609104932167862	0.00715896056638846	0.00719851283471107	0	0.775105802317763	0.775026697781118	0.769331171142665	0.748328916663371	0.770082664240794	0.770003559704149	0.768579678044536	0.772969979828343	0.773523711584859	0.773444607048214	0.753866234228533	0.77384012973144	0.776015504489182	0.77277221848673	0.776411027172408	0.768579678044536	0.770794605070601	0.771229680022149	0.714867697662461	0.09184036704505	0.0914448443618241	0.0641537792192382	0.0641142269509156	0.766206541945181
0.779693865443183	0.780840881224538	0.780880433492861	0.775105802317763	0	0.00142388165961305	0.0105209033738085	0.0385634616145234	0.0826246885258868	0.0836530475022741	0.132618755685638	0.139461298105446	0.138986670885575	0.138670252738995	0.12193964323854	0.141122493374995	0.143060554522802	0.139738163983705	0.143456077206028	0.135862041688091	0.13768144603093	0.138432939129059	0.0770082664240794	0.767511766799826	0.76727445318989	0.772258038998537	0.772060277656924	0.130482933196219
0.779377447296602	0.780524463077958	0.780643119882925	0.775026697781118	0.00142388165961305	0	0.0101253806905826	0.0386425661511687	0.0823873749159514	0.083099315745758	0.132856069295574	0.13906577542222	0.139144879958865	0.138353834592414	0.121623225091959	0.141359806984931	0.143376972669383	0.140054582130285	0.143614286279318	0.135624728078155	0.13752323695764	0.138512043665704	0.0766918482774985	0.767511766799826	0.767195348653245	0.772020725388601	0.771902068583633	0.130245619586283
0.773602816121504	0.774828936439505	0.774947593244472	0.769331171142665	0.0105209033738085	0.0101253806905826	0	0.0328679349760708	0.0763754301309181	0.0769291618874344	0.126923229047186	0.132895621563897	0.133053830637187	0.132579203417316	0.115690384843571	0.135347862199897	0.137444132420995	0.133884428271961	0.137760550567575	0.129454574219831	0.131353083099316	0.13218368073409	0.0706799034924652	0.761341612941502	0.761025194794921	0.766325198750148	0.766127437408535	0.12423367480125
0.7527587707155	0.753905786496856	0.754024443301823	0.748328916663371	0.0385634616145234	0.0386425661511687	0.0328679349760708	0	0.0545030257485266	0.054661234821817	0.10512992920144	0.111339635328086	0.111181426254796	0.11078590357157	0.0941343986077603	0.113870980500732	0.115571728038603	0.112407546572796	0.115729937111893	0.10758216983744	0.110113515010086	0.110548589961634	0.0490448127200096	0.739627417632401	0.73931099948582	0.745322944270854	0.745204287465886	0.102123956808923
0.774512518292924	0.775738638610924	0.775778190879247	0.770082664240794	0.0826246885258868	0.0823873749159514	0.0763754301309181	0.0545030257485266	0	0.00245224063600036	0.128703081121702	0.134833682711704	0.134754578175059	0.134200846418542	0.117865759601313	0.137602341494285	0.139303089032156	0.136297116639639	0.139698611715382	0.131550844440929	0.133607562393703	0.134279950955187	0.0728552782502077	0.762014001502986	0.761855792429696	0.767472214531503	0.767195348653245	0.125855317802476
0.774354309219634	0.775580429537634	0.775699086342602	0.770003559704149	0.0836530475022741	0.083099315745758	0.0769291618874344	0.054661234821817	0.00245224063600036	0	0.128782185658348	0.134912787248349	0.135150100858284	0.134359055491832	0.117944864137958	0.137602341494285	0.139461298105446	0.136376221176284	0.139540402642092	0.131709053514219	0.134003085076929	0.134042637345252	0.073013487323498	0.761776687893051	0.76161847881976	0.767155796384923	0.766878930506665	0.126092631412412
0.773246845706601	0.774472966024602	0.774591622829569	0.768579678044536	0.132618755685638	0.132856069295574	0.126923229047186	0.10512992920144	0.128703081121702	0.128782185658348	0	0.00945299212909845	0.00905746944587271	0.00897836490922743	0.065814974488787	0.0847605110153067	0.0869358857730491	0.0834552861606614	0.0872523039196298	0.0793418502551122	0.0813194636712418	0.0818336431594351	0.0786299094253056	0.760669224380018	0.760115492623502	0.766681169165052	0.766404303286794	0.00767314005458219
0.777637147490409	0.778863267808409	0.778981924613377	0.772969979828343	0.139461298105446	0.13906577542222	0.132895621563897	0.111339635328086	0.134833682711704	0.134912787248349	0.00945299212909845	0	0.00181940434283923	0.00150298619625855	0.0716291579322075	0.0910493216785981	0.092987382826405	0.0902187240438241	0.0935411145829212	0.0855515563817586	0.0873709607245976	0.0878851402127914	0.0845231974053713	0.7646640034806	0.764347585334019	0.770913261875569	0.77063639599731	0.0133291144247123
0.778190879246925	0.779416999564925	0.779535656369893	0.773523711584859	0.138986670885575	0.139144879958865	0.133053830637187	0.111181426254796	0.134754578175059	0.135150100858284	0.00905746944587271	0.00181940434283923	0	0.00126567258632293	0.0719455760787882	0.0908120080686627	0.0929873828264052	0.0897440968239529	0.0933829055096311	0.0854724518451133	0.0874500652612427	0.0880433492860817	0.0846023019420163	0.765455048847052	0.765138630700471	0.77154609816873	0.771348336827117	0.0134873234980026
0.77811177471028	0.77933789502828	0.779456551833248	0.773444607048214	0.138670252738995	0.138353834592414	0.132579203417316	0.11078590357157	0.134200846418542	0.134359055491832	0.00897836490922743	0.00150298619625855	0.00126567258632293	0	0.0710754261756912	0.0908120080686627	0.0927500692164696	0.089823201360598	0.0930664873630502	0.0849978246252421	0.0870545425780167	0.0878060356761461	0.083969465648855	0.765217735237116	0.764901317090535	0.77138788909544	0.771111023217182	0.0130918008147767
0.758454297353953	0.759601313135308	0.759640865403631	0.753866234228533	0.12193964323854	0.121623225091959	0.115690384843571	0.0941343986077603	0.117865759601313	0.117944864137958	0.065814974488787	0.0716291579322075	0.0719455760787882	0.0710754261756912	0	0.0300992761934897	0.0319582328046513	0.0288731558754896	0.0325119645611676	0.0242850927500691	0.0261836016295534	0.0266186765811021	0.0663687062453031	0.744769212514338	0.744611003441047	0.751651307202468	0.75137444132421	0.0631254202428508
0.778349088320215	0.77949610410157	0.779535656369893	0.77384012973144	0.141122493374995	0.141359806984931	0.135347862199897	0.113870980500732	0.137602341494285	0.137602341494285	0.0847605110153067	0.0910493216785981	0.0908120080686627	0.0908120080686627	0.0300992761934897	0	0.00478582446703313	0.00470671993038807	0.00533955622354942	0.0102440374955504	0.0132500098880672	0.0141597120594865	0.08618439267492	0.764743108017245	0.764426689870664	0.771783411778666	0.771427441363762	0.082624688525887
0.780603567614603	0.781750583395958	0.781711031127635	0.776015504489182	0.143060554522802	0.143376972669383	0.137444132420995	0.115571728038603	0.139303089032156	0.139461298105446	0.0869358857730491	0.092987382826405	0.0929873828264052	0.0927500692164696	0.0319582328046513	0.00478582446703313	0	0.00727761737135624	0.00102835897638731	0.0127358303998735	0.0158209073290354	0.0161768777439386	0.0875687220662105	0.767076691848278	0.766602064628406	0.774037891073053	0.773761025194795	0.0845627496736938
0.77720207253886	0.778349088320215	0.778388640588538	0.77277221848673	0.139738163983705	0.140054582130285	0.133884428271961	0.112407546572796	0.136297116639639	0.136376221176284	0.0834552861606614	0.0902187240438241	0.0897440968239529	0.089823201360598	0.0288731558754896	0.00470671993038807	0.00727761737135624	0	0.00735672190800152	0.0089388126409049	0.0118656804967765	0.0129335917414866	0.0844836451370485	0.763833405845825	0.763516987699245	0.77047818692402	0.770280425582407	0.0815567772811769
0.780840881224538	0.781987897005893	0.782027449274216	0.776411027172408	0.143456077206028	0.143614286279318	0.137760550567575	0.115729937111893	0.139698611715382	0.139540402642092	0.0872523039196298	0.0935411145829212	0.0933829055096311	0.0930664873630502	0.0325119645611676	0.00533955622354942	0.00102835897638731	0.00735672190800152	0	0.0132895621563898	0.0162955345489064	0.0165724004271646	0.0878060356761461	0.767393109994858	0.766918482774987	0.774037891073053	0.77384012973144	0.0851164814302101
0.773009532096666	0.774156547878021	0.774196100146343	0.768579678044536	0.135862041688091	0.135624728078155	0.129454574219831	0.10758216983744	0.131550844440929	0.131709053514219	0.0793418502551122	0.0855515563817586	0.0854724518451133	0.0849978246252421	0.0242850927500691	0.0102440374955504	0.0127358303998735	0.0089388126409049	0.0132895621563898	0	0.00727761737135624	0.00866194676264676	0.079816477474983	0.759482656330341	0.75932444725705	0.766364751018471	0.766008780603568	0.0768105050824666
0.775461772732666	0.776608788514021	0.776490131709053	0.770794605070601	0.13768144603093	0.13752323695764	0.131353083099316	0.110113515010086	0.133607562393703	0.134003085076929	0.0813194636712418	0.0873709607245976	0.0874500652612427	0.0870545425780167	0.0261836016295534	0.0132500098880672	0.0158209073290354	0.0118656804967765	0.0162955345489064	0.00727761737135624	0	0.00391567456393616	0.0821105090376932	0.761855792429696	0.76161847881976	0.768658782581181	0.768381916702923	0.0787090139619506
0.775738638610924	0.77688565439228	0.776925206660602	0.771229680022149	0.138432939129059	0.138512043665704	0.13218368073409	0.110548589961634	0.134279950955187	0.134042637345252	0.0818336431594351	0.0878851402127914	0.0880433492860817	0.0878060356761461	0.0266186765811021	0.0141597120594865	0.0161768777439386	0.0129335917414866	0.0165724004271646	0.00866194676264676	0.00391567456393616	0	0.0823873749159516	0.761895344698019	0.761658031088083	0.768698334849504	0.768579678044536	0.0793814025234347
0.719376656251236	0.720602776569236	0.720721433374204	0.714867697662461	0.0770082664240794	0.0766918482774985	0.0706799034924652	0.0490448127200096	0.0728552782502077	0.073013487323498	0.0786299094253056	0.0845231974053713	0.0846023019420163	0.083969465648855	0.0663687062453031	0.08618439267492	0.0875687220662105	0.0844836451370485	0.0878060356761461	0.079816477474983	0.0821105090376932	0.0823873749159516	0	0.706957243997943	0.706640825851363	0.712336352489815	0.712138591148202	0.076177668789305
0.0965866392437606	0.0975754459518253	0.0975358936835028	0.09184036704505	0.767511766799826	0.767511766799826	0.761341612941502	0.739627417632401	0.762014001502986	0.761776687893051	0.760669224380018	0.7646640034806	0.765455048847052	0.765217735237116	0.744769212514338	0.764743108017245	0.767076691848278	0.763833405845825	0.767393109994858	0.759482656330341	0.761855792429696	0.761895344698019	0.706957243997943	0	0.00292686785587153	0.0887552901158881	0.0885575287742752	0.758216983744018
0.0961120120238896	0.0971008187319543	0.097219475536922	0.0914448443618241	0.76727445318989	0.767195348653245	0.761025194794921	0.73931099948582	0.761855792429696	0.76161847881976	0.760115492623502	0.764347585334019	0.765138630700471	0.764901317090535	0.744611003441047	0.764426689870664	0.766602064628406	0.763516987699245	0.766918482774987	0.75932444725705	0.76161847881976	0.761658031088083	0.706640825851363	0.00292686785587153	0	0.0890717082624689	0.0890321559941463	0.757821461060792
0.0679507969782067	0.0690978127595617	0.0693746786378199	0.0641537792192382	0.772258038998537	0.772020725388601	0.766325198750148	0.745322944270854	0.767472214531503	0.767155796384923	0.766681169165052	0.770913261875569	0.77154609816873	0.77138788909544	0.751651307202468	0.771783411778666	0.774037891073053	0.77047818692402	0.774037891073053	0.766364751018471	0.768658782581181	0.768698334849504	0.712336352489815	0.0887552901158881	0.0890717082624689	0	0.00090970217141953	0.764466242138987
0.0680694537831745	0.0692164695645295	0.0694142309061425	0.0641142269509156	0.772060277656924	0.771902068583633	0.766127437408535	0.745204287465886	0.767195348653245	0.766878930506665	0.766404303286794	0.77063639599731	0.771348336827117	0.771111023217182	0.75137444132421	0.771427441363762	0.773761025194795	0.770280425582407	0.77384012973144	0.766008780603568	0.768381916702923	0.768579678044536	0.712138591148202	0.0885575287742752	0.0890321559941463	0.00090970217141953	0	0.764110271724083
0.770952814143891	0.772178934461891	0.772218486730214	0.766206541945181	0.130482933196219	0.130245619586283	0.12423367480125	0.102123956808923	0.125855317802476	0.126092631412412	0.00767314005458219	0.0133291144247123	0.0134873234980026	0.0130918008147767	0.0631254202428508	0.082624688525887	0.0845627496736938	0.0815567772811769	0.0851164814302101	0.0768105050824666	0.0787090139619506	0.0793814025234347	0.076177668789305	0.758216983744018	0.757821461060792	0.764466242138987	0.764110271724083	0
