0	0.299879263507395	0.297992755810444	0.27641110775732	0.616888016903109	0.611153033504377	0.604361605795352	0.597796559009961	0.674162390582554	0.657032900694235	0.782900694234833	0.788182915786297	0.790899486869906	0.791352248717175	0.783655297313613	0.768789616661636	0.768563235738002	0.76086628433444	0.764412918804709	0.762752792031391	0.76358285541805	0.75	0.739209175973438	0.628961666163598	0.483398732266828	0.452384545728947	0.363492303048596	0.344853607002717	0.821989133715666
0.299879263507395	0	0.0936462420766677	0.299049200120736	0.620962873528524	0.616737096287353	0.60828554180501	0.60519166918201	0.692272864473287	0.661258677935406	0.781391488077271	0.785013582855418	0.78999396317537	0.788635677633565	0.783806217929369	0.767582251735587	0.768563235738002	0.756791427709025	0.764261998188953	0.757923332327196	0.764035617265319	0.745925143374585	0.736945366737096	0.629716269242378	0.48988831874434	0.465212798068216	0.366812556595231	0.344099003923936	0.815801388469665
0.297992755810444	0.0936462420766677	0	0.302444913975249	0.623302143072744	0.620585571989134	0.611228493812255	0.610851192272864	0.694008451554482	0.66691820102626	0.783579837005735	0.790673105946272	0.793993359492907	0.792484153335345	0.788107455478418	0.772034409900393	0.77135526712949	0.759130697253245	0.767657712043465	0.764639299728343	0.77135526712949	0.749169936613341	0.74260488982795	0.636130395412013	0.489963779052218	0.46196800482946	0.365982493208572	0.348702082704497	0.819197102324177
0.27641110775732	0.299049200120736	0.302444913975249	0	0.602022336251132	0.595381829157863	0.592816178690009	0.586100211288862	0.66654089948687	0.647298520977965	0.774675520676124	0.782372472079686	0.786145487473589	0.785239963779052	0.777241171143978	0.767657712043465	0.762300030184123	0.753697555086025	0.757244189556293	0.755584062782976	0.756263205553879	0.742378508904316	0.733549652882584	0.621189254452158	0.484228795653486	0.45110172049502	0.363265922124962	0.334213703591911	0.811047389073347
0.616888016903109	0.620962873528524	0.623302143072744	0.602022336251132	0	0.120887413220646	0.30591608813764	0.306595230908542	0.3734530636885	0.369453667370963	0.587684877754301	0.600965891940839	0.602776939329912	0.60172049501962	0.593268940537277	0.585345608210082	0.583006338665862	0.576214910956837	0.582930878357984	0.574630244491397	0.574554784183519	0.565046785390884	0.567989737398129	0.46468457591307	0.7228342891639	0.698158768487775	0.530485964382735	0.536598249320857	0.624358587383037
0.611153033504377	0.616737096287353	0.620585571989134	0.595381829157863	0.120887413220646	0	0.304406881980078	0.302369453667371	0.372547539993963	0.367491699366133	0.587383036522789	0.60172049501962	0.605493510413523	0.605946272260791	0.59160881376396	0.583534560821008	0.58074252942952	0.573800181104739	0.576592212496227	0.571611832176275	0.576969514035617	0.563084817386055	0.564518563235738	0.462420766676728	0.714533655297314	0.690159975852702	0.532146091156052	0.533579837005735	0.623754904920012
0.604361605795352	0.60828554180501	0.611228493812255	0.592816178690009	0.30591608813764	0.304406881980078	0	0.288333836402052	0.369378207063085	0.356172653184425	0.579686085119227	0.591910654995472	0.598098400241473	0.589194083911862	0.583911862360398	0.578705101116813	0.573498339873227	0.565952309085421	0.576743133111983	0.565122245698762	0.564594023543616	0.558859040144884	0.559689103531542	0.453969212194386	0.703516450347117	0.681406580138847	0.510413522487172	0.52210987020827	0.616510715363719
0.597796559009961	0.60519166918201	0.610851192272864	0.586100211288862	0.306595230908542	0.302369453667371	0.288333836402052	0	0.364624207666767	0.340552369453667	0.571460911560519	0.586703893751886	0.58926954421974	0.587458496830667	0.581421672200423	0.573347419257471	0.567235134319348	0.561198309689104	0.562782976154543	0.560368246302445	0.560443706610323	0.549124660428615	0.550709326894054	0.441065499547238	0.705402958044069	0.681783881678237	0.515318442499245	0.518412315122246	0.611454874735889
0.674162390582554	0.692272864473287	0.694008451554482	0.66654089948687	0.3734530636885	0.372547539993963	0.369378207063085	0.364624207666767	0	0.272789012979173	0.573121038333836	0.592589797766375	0.590476909145789	0.587911258677935	0.582327195894959	0.571083610021129	0.573271958949593	0.565876848777543	0.569423483247812	0.569574403863568	0.562254753999396	0.555312405674615	0.55900996076064	0.484832478116511	0.754452158164805	0.74456685783278	0.577799577422276	0.591759734379716	0.608587383036523
0.657032900694235	0.661258677935406	0.66691820102626	0.647298520977965	0.369453667370963	0.367491699366133	0.356172653184425	0.340552369453667	0.272789012979173	0	0.563386658617567	0.572441895562934	0.577422275882886	0.574403863567763	0.563235738001811	0.562254753999396	0.556595230908542	0.548294597041956	0.556368849984908	0.548822819197102	0.549954723815273	0.539692121943857	0.546860851192273	0.46468457591307	0.748188952610927	0.730455780259583	0.567612435858738	0.571913673407787	0.59357078176879
0.782900694234833	0.781391488077271	0.783579837005735	0.774675520676124	0.587684877754301	0.587383036522789	0.579686085119227	0.571460911560519	0.573121038333836	0.563386658617567	0	0.203893751886508	0.207214005433142	0.206157561122849	0.208874132206459	0.244868699064292	0.238907334741926	0.235738001811047	0.240039239360097	0.23913371566556	0.246151524298219	0.247057047992756	0.240944763054633	0.433293087835798	0.841759734379716	0.827799577422276	0.681104738907335	0.692046483549653	0.233474192574706
0.788182915786297	0.785013582855418	0.790673105946272	0.782372472079686	0.600965891940839	0.60172049501962	0.591910654995472	0.586703893751886	0.592589797766375	0.572441895562934	0.203893751886508	0	0.0804406881980078	0.0718382130999093	0.215967401146997	0.244114095985512	0.238907334741926	0.230153939028071	0.237624509507999	0.243359492906731	0.246302444913975	0.251282825233927	0.245774222758829	0.445366737096287	0.856097192876547	0.835647449441594	0.686688801690311	0.700347117416239	0.241774826441292
0.790899486869906	0.78999396317537	0.793993359492907	0.786145487473589	0.602776939329912	0.605493510413523	0.598098400241473	0.58926954421974	0.590476909145789	0.577422275882886	0.207214005433142	0.0804406881980078	0	0.0916088137639601	0.212948988831874	0.245623302143073	0.242529429520072	0.237247207968609	0.237624509507999	0.246377905221853	0.250075460307878	0.255961364322366	0.24456685783278	0.448083308179897	0.856248113492303	0.837609417446423	0.690914578931482	0.70457289465741	0.245698762450951
0.791352248717175	0.788635677633565	0.792484153335345	0.785239963779052	0.60172049501962	0.605946272260791	0.589194083911862	0.587458496830667	0.587911258677935	0.574403863567763	0.206157561122849	0.0718382130999093	0.0916088137639601	0	0.213854512526411	0.246528825837609	0.241774826441292	0.233625113190462	0.240793842438877	0.244265016601268	0.249320857229097	0.252641110775732	0.247585270147902	0.446574102022336	0.853229701177181	0.838967702988228	0.691518261394507	0.703516450347118	0.241020223362511
0.783655297313613	0.783806217929369	0.788107455478418	0.777241171143978	0.593268940537277	0.59160881376396	0.583911862360398	0.581421672200423	0.582327195894959	0.563235738001811	0.208874132206459	0.215967401146997	0.212948988831874	0.213854512526411	0	0.24803803199517	0.237096287352852	0.231814065801388	0.237926350739511	0.24728342891639	0.242076667672804	0.253546634470269	0.250150920615756	0.439631753697555	0.845230908542107	0.830516148505886	0.683972230606701	0.697177784485361	0.200422577724117
0.768789616661636	0.767582251735587	0.772034409900393	0.767657712043465	0.585345608210082	0.583534560821008	0.578705101116813	0.573347419257471	0.571083610021129	0.562254753999396	0.244868699064292	0.244114095985512	0.245623302143073	0.246528825837609	0.24803803199517	0	0.245472381527317	0.240642921823121	0.247358889224268	0.24494415937217	0.245623302143073	0.249094476305463	0.246906127377	0.432764865680652	0.826441291880471	0.814292182312104	0.668502867491699	0.684123151222457	0.270676124358588
0.768563235738002	0.768563235738002	0.77135526712949	0.762300030184123	0.583006338665862	0.58074252942952	0.573498339873227	0.567235134319348	0.573271958949593	0.556595230908542	0.238907334741926	0.238907334741926	0.242529429520072	0.241774826441292	0.237096287352852	0.245472381527317	0	0.23332327195895	0.0928916389978871	0.241397524901902	0.248566254150317	0.246906127377	0.248490793842439	0.424388771506188	0.832251735587081	0.817687896166617	0.670238454572895	0.681482040446725	0.266978569272563
0.76086628433444	0.756791427709025	0.759130697253245	0.753697555086025	0.576214910956837	0.573800181104739	0.565952309085421	0.561198309689104	0.565876848777543	0.548294597041956	0.235738001811047	0.230153939028071	0.237247207968609	0.233625113190462	0.231814065801388	0.240642921823121	0.23332327195895	0	0.237624509507999	0.230229399335949	0.237699969815877	0.238605493510413	0.243812254753999	0.414126169634772	0.823951101720495	0.805312405674615	0.657712043465137	0.673785089043163	0.261696347721099
0.764412918804709	0.764261998188953	0.767657712043465	0.757244189556293	0.582930878357984	0.576592212496227	0.576743133111983	0.562782976154543	0.569423483247812	0.556368849984908	0.240039239360097	0.237624509507999	0.237624509507999	0.240793842438877	0.237926350739511	0.247358889224268	0.0928916389978871	0.237624509507999	0	0.237850890431633	0.249849079384244	0.252867491699366	0.242680350135829	0.417370962873528	0.829308783579837	0.814744944159372	0.668050105644431	0.678086326592213	0.274298219136734
0.762752792031391	0.757923332327196	0.764639299728343	0.755584062782976	0.574630244491397	0.571611832176275	0.565122245698762	0.560368246302445	0.569574403863568	0.548822819197102	0.23913371566556	0.243359492906731	0.246377905221853	0.244265016601268	0.24728342891639	0.24494415937217	0.241397524901902	0.230229399335949	0.237850890431633	0	0.190235436160579	0.242604889827951	0.246906127377	0.417220042257772	0.826290371264715	0.808104437066103	0.658994868699064	0.670087533957138	0.268563235738002
0.76358285541805	0.764035617265319	0.77135526712949	0.756263205553879	0.574554784183519	0.576969514035617	0.564594023543616	0.560443706610323	0.562254753999396	0.549954723815273	0.246151524298219	0.246302444913975	0.250075460307878	0.249320857229097	0.242076667672804	0.245623302143073	0.248566254150317	0.237699969815877	0.249849079384244	0.190235436160579	0	0.246906127377	0.243057651675219	0.418351946875943	0.832402656202837	0.811651071536372	0.660881376396016	0.678463628131603	0.273166314518563
0.75	0.745925143374585	0.749169936613341	0.742378508904316	0.565046785390884	0.563084817386055	0.558859040144884	0.549124660428615	0.555312405674615	0.539692121943857	0.247057047992756	0.251282825233927	0.255961364322366	0.252641110775732	0.253546634470269	0.249094476305463	0.246906127377	0.238605493510413	0.252867491699366	0.242604889827951	0.246906127377	0	0.229776637488681	0.396166616359795	0.813386658617567	0.796257168729248	0.653939028071235	0.661862360398431	0.276335647449442
0.739209175973438	0.736945366737096	0.74260488982795	0.733549652882584	0.567989737398129	0.564518563235738	0.559689103531542	0.550709326894054	0.55900996076064	0.546860851192273	0.240944763054633	0.245774222758829	0.24456685783278	0.247585270147902	0.250150920615756	0.246906127377	0.248490793842439	0.243812254753999	0.242680350135829	0.246906127377	0.243057651675219	0.229776637488681	0	0.40605191669182	0.803199517054029	0.787881074554784	0.649939631753698	0.654240869302747	0.282297011771808
0.628961666163598	0.629716269242378	0.636130395412013	0.621189254452158	0.46468457591307	0.462420766676728	0.453969212194386	0.441065499547238	0.484832478116511	0.46468457591307	0.433293087835798	0.445366737096287	0.448083308179897	0.446574102022336	0.439631753697555	0.432764865680652	0.424388771506188	0.414126169634772	0.417370962873528	0.417220042257772	0.418351946875943	0.396166616359795	0.40605191669182	0	0.707742227588289	0.693027467552068	0.532900694234833	0.543993359492907	0.474947177784485
0.483398732266828	0.48988831874434	0.489963779052218	0.484228795653486	0.7228342891639	0.714533655297314	0.703516450347117	0.705402958044069	0.754452158164805	0.748188952610927	0.841759734379716	0.856097192876547	0.856248113492303	0.853229701177181	0.845230908542107	0.826441291880471	0.832251735587081	0.823951101720495	0.829308783579837	0.826290371264715	0.832402656202837	0.813386658617567	0.803199517054029	0.707742227588289	0	0.279731361303954	0.474871717476608	0.468004829459704	0.877376999698159
0.452384545728947	0.465212798068216	0.46196800482946	0.45110172049502	0.698158768487775	0.690159975852702	0.681406580138847	0.681783881678237	0.74456685783278	0.730455780259583	0.827799577422276	0.835647449441594	0.837609417446423	0.838967702988228	0.830516148505886	0.814292182312104	0.817687896166617	0.805312405674615	0.814744944159372	0.808104437066103	0.811651071536372	0.796257168729248	0.787881074554784	0.693027467552068	0.279731361303954	0	0.442650166012677	0.443027467552068	0.865831572592816
0.363492303048596	0.366812556595231	0.365982493208572	0.363265922124962	0.530485964382735	0.532146091156052	0.510413522487172	0.515318442499245	0.577799577422276	0.567612435858738	0.681104738907335	0.686688801690311	0.690914578931482	0.691518261394507	0.683972230606701	0.668502867491699	0.670238454572895	0.657712043465137	0.668050105644431	0.658994868699064	0.660881376396016	0.653939028071235	0.649939631753698	0.532900694234833	0.474871717476608	0.442650166012677	0	0.322441895562934	0.715212798068216
0.344853607002717	0.344099003923936	0.348702082704497	0.334213703591911	0.536598249320857	0.533579837005735	0.52210987020827	0.518412315122246	0.591759734379716	0.571913673407787	0.692046483549653	0.700347117416239	0.70457289465741	0.703516450347118	0.697177784485361	0.684123151222457	0.681482040446725	0.673785089043163	0.678086326592213	0.670087533957138	0.678463628131603	0.661862360398431	0.654240869302747	0.543993359492907	0.468004829459704	0.443027467552068	0.322441895562934	0	0.73173860549351
0.821989133715666	0.815801388469665	0.819197102324177	0.811047389073347	0.624358587383037	0.623754904920012	0.616510715363719	0.611454874735889	0.608587383036523	0.59357078176879	0.233474192574706	0.241774826441292	0.245698762450951	0.241020223362511	0.200422577724117	0.270676124358588	0.266978569272563	0.261696347721099	0.274298219136734	0.268563235738002	0.273166314518563	0.276335647449442	0.282297011771808	0.474947177784485	0.877376999698159	0.865831572592816	0.715212798068216	0.73173860549351	0
